term                                 ru   ua   kz   by   uz   kg   tj   tm   am   az   ge   md   lv   lt   ee
лампада                               1    1    1    1    1    1    1    1    1    1    1    1    1    1    1
толкование евангелия                  1    1    1    1    1    1    1    1    1    1    1    1    1    1    1
православие простыми словами          1    1    1    1    1    1    1    1    1    1    1    1    1    1    1
цитата совет                          3    3    1    1    1    1    1    1    1    1    1    1    1    1    1
христианство пост                     3    4    3    3    4    4    4    4    3    4    4    4    3    3    3
стих вера                            38   43    2    3    4    4    4    4    2    4    4    4    2    2    1
притча                               11   18    7    3   12   10   10    9    9    9    9   11   11    9    8
жития святых                         30   13    7    7    8    8    8    8    8    8    8    8    6    6    6
простыми словами                     22   48    9    4    9   10   10    8   10    9   11    9    8    9    8
библия чтение                        49   42   11   10   14   13   13   13   12   13   13   13   12   12   11
толкование                            -   22    7    7   14   13   10   10    -   13   22   31   29   25    7
евангелие                            66    8   23   23   21   23   20   20   19   21   20   30   24   21   18
православие                          28  150   53    5   99   98   96   96   77   97  107  107   94   87   77
церковный календарь                  41   46   31   31   32   32   32   32   32   32   34   32   27   28   27
библия                                -    -  149   43    -    -    -    -    -    -    -    -    -    -  136
цитата                                -    -   17   13   25   25   23   21   21   22   22   25   17   17   16
христианство                         51   69   33   21   33   32   32   30   31   32   32   31   27   27   27
календарь                             -    -    -    -    -    -    -    -    -    -    -    -    -    -    -
пост                                  -    -  125   61    -  104  105   92   76   99  107    -   90   88   59
вера                                114  141   41   37    -    -    -    -    -    -    -    -    -    -    -
